'INDEX vocnuwnvu.

1111111,116,4.161,1.161,4. mgna. 119, 14. 161,14.

“ 161.1. 1641111111. 161. 7. 171,1.171,11.17.11.1719.

’ 111161111117117· 174111·
1111111,111,1.111,11.119.17. 11191111.116,19.117,1.4.11.

111.4.161,9.167.11. 111961.
1171111.. 174. 7. 11111, 111. .164.7.166,
11111111, 111. 11. .9. 161119. 169, 9. 111, 19.
1111111· 11....
Leontem, 166. 1. -1111111111116,
limum, 179. 1. 11111111, 111. 11. 167.11.161,

11, 11.11. 1.
1711111, 116. 9 ¹ 1111111111,161,11.
11111111, 16111. 11. 171, 9. 1111111111. 177. 1.
11111111, 111. 11. 11111.169. 17.
liberos, 111. 16. 1 11111. 11111.
111711111717717711.16111169. 3371177671.
1 1 ⁸ θ 1

1111111171, 16716. 11111. 167,7.169,14.
liceat, 171,19.176,11. 1111111111, 17119.
1111111. 149· 24· . 1111111, 174.11.
1111111, 177.1. 111111, 111,9.111.11..
litora, 149,1.161,7. 1111111111. 114. 1.
11111, 111. 6. matrimonio, 171. 11.
loct, 141. 1. 111κὶ111166. 11.
locis, 161. 9. 11111111,111,16.161,9.16.
111111,111.11. 1111111111, 111. 4. 1
Locro, 161. 11. mediocri, 117.19.19.111,9.
Locrum, 17111. 111111. 111. 1. ’
quh 1⁶5n26· medium, ¹56· 50
1117111. 117.11. Meliboeus 119. 4.
longis, 117. 11. 1111111111,118,9.
longo, 117,11. 16991. membris. 117.1.11.11.11.11.
longum, 117,6.9.111,4.1.164. 14.

11. 16111111. 161, 19. 166, 11. 171,
1117111111, 17 ,11. 1. 7. “
11171111. 16 .4. Memnonem. 161,17. 161. 11.
luce, 161. 1. 171,9.14.

· ludos. 1611. 16111171, 1.1 1111111111, 111. 11,

111111, 171,17.11.19. 11111111, 111,1. 16111.

11111111, 161. 4. 16111111, 111.11.169,11.171,

Lycia· 161. 9. 1.177.9.

Lycius, 167.1.161,11. 1111111111,117.19. 169, 91171,

Lycomedem, 171. 1. 4.179.19.

1711111111. 171. 9. 1611111111, 114,19,1·11,16.161,
11.1ο.161.1.169,19.17. 179,

M. 11171111, 169,1. 17. 17119.
1111111111. 161,1.177,7.

11111111, 166.17.19.
ΜΑ11111,111.11. mente, 111. 11.
Machaonem, 111. 9. 11111111. 176.11.
1111111, 161. 11. Mera-annm, 119. 1.
111111161111711. 1111111,161,16. ·
111711,161.11.161,1ο.161.19. 11111111,111,9.161,17.161,
1916.164,1ο.161,9.169,,6. 4. ’
11171114. 1611111111, 111, 19.
111711, 176119. 1611111111, 161. 11.
11111111, 111, 11. 117, 11. 1111111111, 164. 4.
1111111, 114. 9. 1111111119. 11.
1117711111. 119. 1. 1111111111. 11119.
1117111111, 111. 11. 11111111. 116. 17.
11191111, 161. 11. 11111111, 149, 23. ¹53· ¹4· ¹5⁴·
111711161111. 169, 1.1ό9,1.171, 9. 119. 14169. 9. 171, 9. 171,
. ¹4· 1 ¹50 “
1111913111ϊόηὰ 1171119. ν 1111111111,1,119,19.
1119111,171.11. · · 111111, 171. 19.

1111111. 161. 19. 16111164,
1111. 161. 1. 7.166,7. 161,
1111. 16911171, 191171.
11.

minem, 176. 4. “

1111111111, 119.1.

minin.) 168· 31·

mine, 111. 19. “

1111111111, 119. 11.

missofibm· 15³· 16·

1111.. 1111. 1611111111·

mabuntur, 111. 1.
mmmmm.
mmm, 181181

1111111, 114. 11.

mifiricum. 111. 9.

1111111, 1619. 171. 19.

111111, 111,11. 11117.

11311, 141, 11. 14914- ¹5¹ »4⁴ 17.
¹4· ¹54·46· ¹55· ²¹· ²3· 1⁶⁴·
31183 16. 191

m· .161,17.171,11.

affluo, 164. 19.

² 11ιί11111, 111. 4. f

1111111111, 171. 1ο.

1111111111, 17119. 1

11111111, 1191111619.

1111111911. 1711-

1111111111, 111. 11.

”mma 171991

1111111111, 111. 19. .

mittendi, 174. 7.

1111111111, 174. 11.

11111111, 111.1.111.14.114,1.
1611681101

1111111111.119.11.

mitterentur. 111. 11.

1111111111, 119. 9,

mitti, ¹53· 19.

1111111. 149,1.114,11.119, 19.
16ο,1.161.7.11. 167, 11. 169.
Ῐο· 1Ξοῖ ¹30 1711161174) 25·
171. .

mittunt, 116, 14. ’161.9. 16711.

ωἰῖῑγιῗᾶἒιῗῖῒὲοῒῗιι.

uneffifflh 119161 1611181

1111111111. 11111.

1111111111,111. 19.

modo. 161.1ο.169,16.

111111,111.1 ,16111

11111161. 11117111. 177. .

1111111, ¹⁶9· 11.

11111111,167. 11.

moui, 117, 6. 111, 11.

monet, 162.16.

1111111111, 117. 16.

Mopsus, 161. 9.

11111111, 111. 19174, 9.

monti, 161. 19.

11111111 . 111. 1.

morbo, 161. 19.

more. 166. ιο.

11111,174.11. ” ,
nomm,

 

